0   3   0   0   17
1   3   0   0   16
2   3   0   0   15
3   3   0   0   14
4   3   0   0   13
5   3   0   0   12
6   3   0   0   11
7   4   0   0   10
8   4   0   0   9
9   4   0   0   8
10  4   0   0   7
11  4   0   0   6
12  4   0   0   5
13  4   0   0   4
14  5   0   0   3
15  5   0   0   2
16  5   0   0   1
17  5   0   0   0
18  5   0   2   0
19  6   0   2   1
20  6   0   2   2
21  6   0   2   3
22  7   0   2   4
23  7   0   2   5
24  7   0   2   6
25  8   0   2   7
26  8   0   2   8
27  8   0   2   9
28  9   0   4   5
29  9   0   4   4
30  9   0   4   3
31  10  0   4   2
32  11  0   4   1
33  11  0   4   0
34  11  0   6   0
35  12  0   6   1
36  13  0   6   2
37  13  0   6   3
38  13  0   6   4
39  14  0   6   5
40  14  0   8   10
41  4   10  8   9
42  4   11  8   8
43  4   11  8   7
44  4   11  8   6
45  4   11  8   5
46  4   11  8   4
47  4   11  8   3
48  4   11  8   2
49  4   11  8   1
50  4   10  8   0
51  14  0   10  0
52  14  0   10  1
53  13  0   10  2
54  12  0   10  3
55  12  0   10  4
56  12  0   10  5
57  11  0   12  7
58  10  0   12  6
59  9   0   12  5
60  9   0   12  4
61  9   0   12  3
62  8   0   12  2
63  8   0   12  1
64  8   0   12  0
65  7   0   14  0
66  7   0   14  1
67  7   0   14  2
68  7   0   14  3
69  7   0   14  4
70  7   0   14  5
71  7   0   14  6
72  7   0   14  7
73  8   0   14  8
74  8   0   16  6
75  8   0   16  5
76  9   0   16  4
77  9   0   16  3
78  9   0   16  2
79  10  0   16  1
80  10  0   16  0
81  10  0   18  0
82  10  0   18  1
83  10  0   18  2
84  10  0   18  3
85  10  0   18  4
86  10  0   18  5
87  10  0   20  7
88  10  0   20  6
89  9   0   20  5
90  9   0   20  4
91  9   0   20  3
92  8   0   20  2
93  8   0   20  1
94  8   0   20  0
95  7   0   22  0
96  7   0   22  1
97  7   0   22  2
98  6   0   22  3
99  5   0   22  4
100 5   0   22  5
101 5   0   22  6
102 4   0   22  7
103 4   0   22  8
104 4   0   22  9
105 3   0   22  10
106 3   0   22  11
107 3   0   22  12
108 2   0   22  13
109 2   0   22  14
110 2   0   22  15
111 2   0   22  16
112 2   0   22  17
